0 3
0 4
0 5
0 13
0 14
0 15
0 20
0 26
0 29
0 31
0 32
0 39
0 44
0 45
0 48
0 51
0 54
0 56
0 61
0 62
0 63
0 65
0 67
0 70
0 71
0 72
0 81
0 84
0 85
0 86
0 88
0 99
3 2
3 10
3 14
3 16
3 19
3 22
3 26
3 30
3 32
3 34
3 36
3 40
3 47
3 50
3 51
3 52
3 56
3 57
3 59
3 65
3 66
3 73
3 80
3 90
3 91
3 94
3 97
3 99
4 8
4 13
4 16
4 18
4 19
4 21
4 22
4 23
4 27
4 37
4 42
4 45
4 55
4 56
4 57
4 60
4 62
4 63
4 64
4 71
4 73
4 74
4 76
4 84
4 96
5 8
5 13
5 15
5 17
5 22
5 29
5 30
5 35
5 41
5 42
5 47
5 49
5 50
5 55
5 57
5 60
5 63
5 65
5 82
5 87
5 89
5 90
5 91
13 7
13 8
13 17
13 19
13 21
13 23
13 25
13 27
13 34
13 39
13 40
13 41
13 44
13 48
13 61
13 62
13 63
13 68
13 71
13 72
13 73
13 74
13 77
13 83
13 86
13 95
13 96
13 97
13 99
14 10
14 11
14 15
14 16
14 17
14 21
14 22
14 24
14 28
14 30
14 38
14 39
14 40
14 43
14 44
14 53
14 58
14 63
14 69
14 74
14 77
14 78
14 81
15 6
15 10
15 11
15 16
15 17
15 18
15 21
15 22
15 24
15 25
15 27
15 38
15 40
15 45
15 49
15 52
15 57
15 61
15 63
15 64
15 68
15 73
15 82
15 83
15 94
20 11
20 12
20 16
20 18
20 26
20 30
20 44
20 45
20 46
20 49
20 52
20 53
20 62
20 69
20 73
20 82
20 84
20 89
20 92
20 93
20 99
26 11
26 17
26 18
26 19
26 27
26 31
26 43
26 44
26 46
26 48
26 56
26 59
26 61
26 63
26 66
26 67
26 71
26 75
26 77
26 80
26 85
26 86
26 89
26 91
26 92
26 96
29 2
29 7
29 8
29 10
29 11
29 25
29 27
29 31
29 35
29 46
29 49
29 50
29 52
29 54
29 59
29 62
29 64
29 65
29 66
29 70
29 75
29 82
29 86
29 87
29 90
29 93
29 94
31 1
31 2
31 7
31 10
31 22
31 24
31 32
31 41
31 42
31 51
31 54
31 60
31 65
31 68
31 72
31 73
31 74
31 75
31 76
31 77
31 78
31 79
31 80
31 81
31 89
31 92
31 93
31 94
31 97
31 98
31 99
32 1
32 6
32 7
32 9
32 18
32 22
32 23
32 24
32 30
32 34
32 42
32 46
32 50
32 51
32 53
32 57
32 61
32 76
32 79
32 81
32 82
32 88
32 89
32 91
32 95
39 2
39 12
39 18
39 24
39 27
39 34
39 38
39 43
39 45
39 48
39 50
39 52
39 60
39 61
39 62
39 65
39 66
39 70
39 74
39 76
39 80
39 85
39 86
39 93
44 8
44 16
44 36
44 38
44 41
44 48
44 52
44 58
44 60
44 63
44 66
44 69
44 73
44 74
44 75
44 77
44 78
44 79
44 80
44 82
44 92
44 96
44 99
45 1
45 9
45 10
45 18
45 19
45 27
45 38
45 43
45 49
45 50
45 51
45 52
45 55
45 58
45 60
45 68
45 73
45 74
45 76
45 78
45 95
45 96
48 8
48 11
48 16
48 33
48 34
48 40
48 42
48 43
48 47
48 59
48 60
48 65
48 66
48 68
48 71
48 73
48 81
48 82
48 86
48 93
51 11
51 23
51 25
51 27
51 35
51 37
51 38
51 41
51 47
51 55
51 56
51 59
51 61
51 63
51 66
51 68
51 71
51 73
51 76
51 82
51 85
51 89
54 7
54 10
54 18
54 25
54 33
54 41
54 42
54 49
54 53
54 56
54 59
54 68
54 70
54 71
54 72
54 76
54 92
54 98
56 21
56 24
56 28
56 30
56 35
56 36
56 41
56 55
56 57
56 58
56 65
56 72
56 73
56 83
56 86
56 95
56 97
61 6
61 7
61 9
61 18
61 19
61 22
61 25
61 34
61 43
61 60
61 63
61 68
61 70
61 73
61 81
61 83
61 84
61 86
61 88
61 94
62 10
62 16
62 34
62 35
62 42
62 46
62 57
62 68
62 69
62 70
62 73
62 74
62 80
62 82
62 89
62 93
63 1
63 8
63 12
63 17
63 21
63 23
63 43
63 49
63 52
63 53
63 60
63 69
63 81
63 83
63 91
63 94
63 96
63 99
65 2
65 6
65 7
65 18
65 23
65 30
65 34
65 40
65 52
65 53
65 55
65 59
65 60
65 69
65 70
65 74
65 78
65 80
65 86
65 92
65 93
65 97
65 98
67 2
67 9
67 12
67 16
67 21
67 24
67 50
67 55
67 59
67 70
67 79
67 80
67 83
67 91
67 94
70 6
70 9
70 18
70 22
70 33
70 40
70 41
70 42
70 59
70 66
70 68
70 72
70 73
70 84
70 85
70 93
70 99
71 2
71 6
71 8
71 11
71 12
71 16
71 17
71 21
71 25
71 30
71 36
71 40
71 42
71 47
71 59
71 72
71 78
71 82
71 85
71 87
71 94
71 96
71 97
71 98
72 6
72 8
72 17
72 23
72 38
72 40
72 41
72 47
72 52
72 55
72 66
72 68
72 84
72 89
72 95
72 98
81 7
81 9
81 16
81 18
81 37
81 41
81 57
81 59
81 60
81 66
81 68
81 76
81 77
81 82
81 90
81 95
81 98
84 7
84 12
84 23
84 24
84 25
84 30
84 33
84 34
84 35
84 36
84 50
84 52
84 66
84 68
84 74
84 76
84 78
84 79
84 82
84 87
84 91
84 99
85 9
85 17
85 18
85 19
85 21
85 22
85 24
85 34
85 35
85 38
85 57
85 64
85 68
85 73
85 97
85 98
86 2
86 19
86 23
86 28
86 37
86 42
86 57
86 60
86 73
86 76
86 79
86 92
88 11
88 12
88 17
88 25
88 34
88 40
88 42
88 49
88 50
88 57
88 64
88 75
88 82
88 83
88 87
88 90
88 91
88 93
88 95
88 98
88 99
99 11
99 18
99 25
99 43
99 46
99 57
99 66
99 69
99 73
99 91
99 92
99 94
99 95
1 6
1 21
1 22
1 30
1 35
1 49
1 52
1 64
1 66
1 73
1 74
1 75
1 76
1 90
1 94
1 95
1 96
1 97
6 7
6 9
6 10
6 11
6 16
6 34
6 38
6 40
6 43
6 46
6 49
6 50
6 58
6 66
6 74
6 83
6 92
21 2
21 10
21 11
21 12
21 18
21 19
21 28
21 41
21 43
21 55
21 60
21 89
21 93
21 94
21 97
22 2
22 7
22 10
22 23
22 25
22 28
22 36
22 41
22 42
22 43
22 46
22 47
22 57
22 60
22 68
22 75
22 76
30 12
30 19
30 25
30 33
30 41
30 42
30 60
30 66
30 69
30 73
30 76
30 78
30 79
30 80
30 82
30 83
30 93
30 96
35 7
35 8
35 11
35 16
35 38
35 46
35 57
35 58
35 60
35 75
35 76
35 80
35 83
35 97
49 2
49 7
49 17
49 25
49 28
49 33
49 40
49 41
49 46
49 55
49 60
49 77
49 78
49 82
49 89
49 95
49 96
49 98
52 2
52 23
52 33
52 34
52 50
52 60
52 66
52 68
52 74
52 75
52 77
52 82
52 92
52 94
52 98
64 2
64 24
64 25
64 34
64 36
64 50
64 73
64 75
64 92
64 97
66 8
66 17
66 25
66 27
66 37
66 46
66 60
66 73
66 74
66 91
66 92
66 93
66 97
73 8
73 17
73 18
73 24
73 33
73 41
73 42
73 60
73 69
73 75
73 77
73 87
73 90
74 2
74 9
74 10
74 18
74 23
74 25
74 36
74 37
74 40
74 41
74 42
74 47
74 57
74 58
74 78
74 83
74 87
74 90
74 92
74 93
74 97
75 12
75 16
75 17
75 19
75 25
75 27
75 33
75 36
75 40
75 50
75 55
75 57
75 59
75 69
75 76
75 89
75 90
75 92
75 93
75 94
75 95
76 7
76 9
76 11
76 17
76 18
76 24
76 69
76 77
76 79
76 80
76 82
76 83
90 27
90 37
90 40
90 42
90 53
90 68
90 79
90 91
90 96
94 8
94 10
94 17
94 28
94 37
94 42
94 69
94 91
94 95
94 97
95 9
95 11
95 27
95 34
95 37
95 38
95 40
95 41
95 42
95 50
95 79
95 82
95 92
95 93
96 7
96 11
96 12
96 16
96 17
96 24
96 27
96 42
96 47
96 55
96 89
97 9
97 16
97 17
97 28
97 37
97 40
97 41
97 42
97 47
97 55
97 57
97 59
97 60
97 68
97 69
97 77
97 83
2 7
2 8
2 9
2 11
2 16
2 18
2 19
2 23
2 47
2 77
2 92
7 27
7 28
7 34
7 37
7 38
7 55
7 58
7 78
7 82
7 89
7 91
7 92
7 98
8 10
8 19
8 23
8 28
8 33
8 41
8 42
8 43
8 58
8 69
8 78
8 83
8 89
8 91
9 11
9 16
9 17
9 19
9 37
9 40
9 46
9 50
9 69
9 78
9 79
9 93
11 17
11 19
11 41
11 58
11 69
11 82
11 87
16 10
16 18
16 24
16 33
16 37
16 41
16 43
16 46
16 59
16 80
16 83
16 91
18 12
18 19
18 47
18 53
18 69
18 80
18 92
18 98
19 24
19 27
19 33
19 34
19 36
19 37
19 40
19 43
19 47
19 55
19 57
19 59
19 80
19 82
19 83
23 10
23 12
23 27
23 37
23 40
23 55
23 58
23 59
23 69
23 77
47 24
47 28
47 37
47 42
47 43
47 53
47 58
47 60
47 68
47 78
47 79
47 82
47 92
77 28
77 60
77 69
77 89
92 25
92 28
92 33
92 40
92 50
92 57
92 60
92 69
92 79
92 82
92 89
92 93
10 28
10 33
10 37
10 57
10 79
10 80
10 82
34 37
34 38
34 46
34 53
34 68
34 78
34 98
36 25
36 27
36 38
36 41
36 42
36 50
36 53
36 68
36 69
36 82
36 93
40 42
40 55
40 78
40 79
50 28
50 43
50 57
50 68
50 69
50 79
50 82
50 91
57 33
57 37
57 53
57 82
57 87
59 28
59 33
59 37
59 42
59 43
59 55
59 78
59 83
59 87
59 89
59 91
59 93
80 12
80 37
80 60
91 25
91 46
91 55
91 69
91 79
91 93
91 98
27 12
27 43
27 46
27 53
27 55
27 60
27 68
27 82
27 98
37 24
37 53
42 17
42 38
42 68
42 93
55 68
55 79
60 43
60 79
60 83
17 28
17 38
17 87
17 93
41 12
41 25
41 46
41 53
41 69
82 53
82 68
82 69
87 12
87 25
87 33
87 38
87 58
87 78
89 12
89 43
89 69
38 28
38 43
38 78
38 98
43 33
46 93
58 83
58 93
83 12
83 25
28 12
28 33
28 68
28 78
78 24
78 69
98 53
33 24
33 25
33 53
69 25
79 12
79 53
79 68
93 53
12 24
12 25
