701
11003
21729
19743
21120
17983
8482
20415
22171
10379
16895
11332
18819
14790
13294
19347
11158
11507
21662
909
9359
20810
8001
15183
2597
14497
5049
11611
17392
20083
4296
16809
5448
18155
10426
16618
904
1387
364
2651
18396
21955
12677
14228
7745
481
9319
7362
11657
14862
15236
3973
8257
11719
17056
18216
21054
10241
365
12521
7663
9692
4809
6213
13098
14650
13435
11022
16960
496
2323
17523
10264
14181
18766
19877
1722
18427
5458
19448
550
22124
16869
17586
6115
1618
7800
6357
2114
21224
1964
8883
4111
5212
6763
12837
12500
4909
11603
17254
